1,0.05110,0.07626,0.03813
2,0.10219,0.13689,0.08579
3,0.14375,0.21315,0.13346
4,0.17921,0.28941,0.18112
5,0.23031,0.35004,0.22879
6,0.28141,0.42630,0.27645
7,0.33250,0.48693,0.33364
8,0.38360,0.56319,0.36567
9,0.41906,0.64899,0.42287
10,0.47015,0.70961,0.47053
11,0.52125,0.79541,0.52773
12,0.56281,0.86557,0.57539
13,0.61391,0.94183,0.63259
14,0.64937,1.02763,0.68979
15,0.70046,1.08825,0.73745
16,0.89874,1.43830,0.95670
17,0.97844,1.56222,1.02343
18,1.03296,1.67051,1.06499
19,1.08749,1.77880,1.13172
20,1.15765,1.90273,1.18892
21,1.21218,2.02055,1.25565
22,1.28234,2.14448,1.31284
23,1.33687,2.25277,1.37004
24,1.40703,2.36106,1.43677
25,1.46156,2.48499,1.49397
26,1.52561,2.60281,1.56070
27,1.59578,2.72674,1.61789
28,1.65030,2.83503,1.68462
29,1.72046,2.94332,1.72618
30,1.77499,3.06724,1.79291
31,1.82952,3.17554,1.85011
32,1.75593,3.23273,1.76431
33,1.82609,3.34102,1.82151
34,1.88061,3.46495,1.87871
35,1.95077,3.57324,1.93590
36,2.00530,3.69717,1.99310
37,2.06593,3.81499,2.05983
38,2.12046,3.92328,2.11702
39,2.19062,4.04721,2.17422
40,2.24514,4.15550,2.23142
41,2.29967,4.27942,2.28861
42,2.36983,4.38772,2.34581
43,2.42436,4.49601,2.39690
44,2.49452,4.61993,2.45410
45,2.54905,4.72822,2.51130
46,2.60967,4.85215,2.56849
47,2.66420,4.96044,2.62569
48,2.84342,5.12593,2.83541
49,2.91358,5.24032,2.89261
50,2.96810,5.35815,2.94980
51,3.03827,5.48207,3.00700
52,3.09279,5.59036,3.06419
53,3.16295,5.69865,3.10576
54,3.21748,5.82258,3.16295
55,3.27811,5.93087,3.22015
56,3.33264,6.05480,3.28688
57,3.40280,6.15356,3.34407
58,3.45732,6.27748,3.40127
59,3.51185,6.39530,3.45847
60,3.58201,6.50360,3.51566
61,3.63654,6.62752,3.57286
62,3.70670,6.73581,3.63006
63,3.75169,6.85021,3.68725
64,3.69717,6.72628,3.61099
65,3.75169,6.85974,3.66819
66,3.81232,6.95850,3.72538
67,3.87638,7.08242,3.76695
68,3.94654,7.20025,3.82414
69,4.00107,7.30854,3.88134
70,4.07123,7.43246,3.93853
71,4.11622,7.54076,4.00526
72,4.17075,7.54076,4.06246
73,4.24091,7.77297,4.11966
74,4.28591,7.88126,4.17685
75,4.35607,8.00519,4.23405
76,4.42013,8.11348,4.29124
77,4.49029,8.23741,4.34844
78,4.53528,8.35523,4.40564
79,4.61498,8.47916,4.45673
80,4.78466,8.81966,4.64739
81,4.83919,8.93749,4.70458
82,4.90935,9.06141,4.77131
83,4.96387,9.16970,4.81898
84,5.03403,9.27800,4.88570
85,5.07903,9.40192,4.94290
86,5.14919,9.51021,5.00010
87,5.20372,9.63414,5.05729
88,5.28341,9.74243,5.09886
89,5.33794,9.86636,5.14652
90,5.38293,9.97465,5.20372
91,5.45309,10.08294,5.27044
92,5.50762,10.20686,5.32764
93,5.56825,10.31516,5.38484
94,5.63231,10.43908,5.44203
95,5.69293,10.54737,5.49923
96,5.73450,10.66176,5.53736
97,5.78902,10.77006,5.60409
98,5.84355,10.87835,5.65175
99,5.91371,11.00227,5.71848
100,5.96824,11.11056,5.77568
101,6.03840,11.23449,5.80771
102,6.09293,11.35231,5.86490
103,6.15356,11.47624,5.93163
104,6.20808,11.58453,5.98883
105,6.27824,11.68329,6.03649
106,6.33277,11.81675,6.10322
107,6.40293,11.92504,6.16042
108,6.45746,12.04896,6.21761
109,6.51199,12.15726,6.28434
110,6.58215,12.26555,6.34154
111,6.63667,12.38947,6.39874
112,6.71027,12.52636,6.45936
113,6.78043,12.64076,6.51656
114,6.83495,12.74905,6.56422
115,6.89558,12.86687,6.63095
116,6.95011,12.99080,6.68815
117,7.02027,13.09909,6.75488
118,7.07480,13.22301,6.80254
119,7.14496,13.33130,6.86927
120,7.19948,13.45523,6.92647
121,7.26964,13.56352,6.97413
122,7.32417,13.67181,7.04086
123,7.37870,13.79574,7.08852
124,7.43933,13.90403,7.13962
125,7.49385,14.02796,7.19681
126,7.57355,14.14578,7.24448
127,7.61854,14.26017,7.31121
128,7.57355,14.21251,7.23495
129,7.62807,14.33033,7.28261
130,7.69824,14.45426,7.34934
131,7.74323,14.56255,7.40653
132,7.81339,14.68647,7.47326
133,7.86792,14.79477,7.53046
134,7.92244,14.90306,7.57812
135,7.99261,15.02698,7.63532
136,8.04713,15.12574,7.69252
137,8.11729,15.25920,7.74971
138,8.17182,15.36749,7.80691
139,8.24198,15.48532,7.84847
140,8.28698,15.59971,7.91520
141,8.35714,15.70800,7.97240
142,8.41166,15.83193,8.02959
143,8.48182,15.94975,8.08679
144,8.66104,16.26776,8.28698
145,8.71557,16.37605,8.33464
146,8.78573,16.47481,8.40137
147,8.84025,16.59874,8.45856
148,8.91041,16.71656,8.50013
149,8.96494,16.84049,8.55732
150,9.02557,16.93924,8.60499
151,9.08010,17.06660,8.67172
152,9.13462,17.18099,8.73844
153,9.20479,17.28929,8.78611
154,9.25931,17.40368,8.84330
155,9.32947,17.53104,8.90050
156,9.37447,17.65496,8.96723
157,9.45416,17.75372,9.02443
158,9.49916,17.86201,9.08162
159,9.56932,17.98594,9.13882
160,9.49916,18.07516,9.06256
161,9.56932,18.20862,9.11975
162,9.61431,18.31691,9.17695
163,9.69400,18.44084,9.21851
164,9.73900,18.54913,9.27571
165,9.80916,18.68259,9.33290
166,9.86369,18.78135,9.39010
167,9.91821,18.89917,9.45683
168,9.98837,19.02310,9.50449
169,10.04290,19.12185,9.56169
170,10.11306,19.25531,9.61889
171,10.15806,19.36360,9.67608
172,10.22822,19.47800,9.73328
173,10.28274,19.59582,9.79047
174,10.35290,19.70411,9.84767
175,10.40743,19.81850,9.89877
176,10.58665,19.99353,10.09895
177,10.65681,20.10182,10.15615
178,10.71133,20.22574,10.21335
179,10.78150,20.34357,10.27054
180,10.83602,20.45796,10.33727
181,10.88102,20.56625,10.39447
182,10.95118,20.23527,10.44213
183,11.01524,20.80800,10.50886
184,11.07587,20.92582,10.55042
185,11.13039,21.04022,10.60762
186,11.20055,21.14851,10.66481
187,11.25508,21.28197,10.72201
188,11.32524,21.38073,10.77921
189,11.37977,21.49855,10.83640
190,11.42476,21.61294,10.89360
191,11.50446,21.73077,10.95080
192,11.42476,21.71170,10.87453
193,11.49492,21.83563,10.93173
194,11.54945,21.94392,10.98893
195,11.61961,22.06784,11.04612
196,11.67414,22.17613,11.10332
197,11.73477,22.28443,11.16052
198,11.79883,22.40835,11.22724
199,11.85945,22.52618,11.25927
200,11.91398,22.65010,11.32600
201,11.97804,22.76793,11.38320
202,12.03867,22.88232,11.44040
203,12.10883,22.99061,11.49759
204,12.16336,23.09890,11.55479
205,12.21788,23.23236,11.61199
206,12.28804,23.33112,11.67871
207,12.33304,23.46458,11.72638
208,12.53742,23.70022,11.91093
209,12.59195,23.82415,11.96813
210,12.64647,23.93244,12.02532
211,12.70710,24.04683,12.08252
212,12.77116,24.16466,12.13972
213,12.83179,24.28248,12.19691
214,12.88632,24.39687,12.26364
215,12.94695,24.49563,12.31130
216,13.00147,24.62909,12.36850
217,13.08117,24.73738,12.43523
218,13.12616,24.86131,12.49243
219,13.19632,24.96960,12.54962
220,13.25085,25.08742,12.59119
221,13.30538,25.21135,12.64838
222,13.37554,25.31964,12.70558
223,13.44570,25.44357,12.76277
224,13.49069,25.50419,12.83904
225,13.55475,25.62812,12.88670
226,13.62491,25.75548,12.95343
227,13.66991,25.86034,13.00109
228,13.74960,25.98769,13.05829
229,13.79459,26.08645,13.12502
230,13.87429,26.21991,13.18221
231,13.91928,26.33773,13.23941
232,13.97381,26.44259,13.28097
233,14.04397,26.55089,13.33817
234,14.09850,26.68434,13.39536
235,14.15913,26.79264,13.45256
236,14.22319,26.90093,13.50976
237,14.28381,27.03439,13.56695
238,14.33834,27.13314,13.63368
239,14.40850,27.25707,13.69088
240,14.46303,27.37489,13.73854
241,14.52366,27.48319,13.80527
242,14.57818,27.60711,13.85293
243,14.64834,27.72493,13.90060
244,14.70287,27.83933,13.95169
245,14.76693,27.95715,14.01842
246,14.83709,28.08108,14.07562
247,14.87255,28.17984,14.13281
248,14.95225,28.28813,14.18048
249,14.99724,28.41205,14.25674
250,15.06740,28.52988,14.30440
251,15.13146,28.65380,14.36160
252,15.19209,28.79069,14.41880
253,15.25615,28.88602,14.47599
254,15.30114,28.99431,14.52366
255,15.36177,29.10260,14.59039
256,15.30724,28.94665,14.50459
257,15.36177,29.08010,14.57132
258,15.43193,29.18840,14.61288
259,15.47693,29.30622,14.66055
260,15.53145,29.42061,14.71774
261,15.60161,29.52890,14.78447
262,15.65614,29.65283,14.84167
263,15.71677,29.77065,14.89886
264,15.78083,29.89458,14.95606
265,15.83193,29.99334,15.01326
266,15.89599,30.10163,15.07045
267,15.95661,30.23509,15.12765
268,16.02067,30.32431,15.18484
269,16.08130,30.45777,15.25157
270,16.14536,30.57560,15.29314
271,16.19989,30.67436,15.34080
272,16.39474,31.06863,15.54099
273,16.44926,31.16739,15.60772
274,16.51332,31.28521,15.65538
275,16.57395,31.40914,15.72211
276,16.63458,31.53649,15.76977
277,16.68911,31.65089,15.84603
278,16.75927,31.75918,15.89370
279,16.81379,31.88310,15.95089
280,16.84926,32.00093,15.99246
281,16.93848,32.09015,16.04965
282,16.99301,32.23314,16.10685
283,17.05364,32.34144,16.17358
284,17.10816,32.45583,16.23077
285,17.16879,32.57365,16.29750
286,17.23285,32.68804,16.33563
287,17.29348,32.80587,16.39283
288,17.23285,32.88213,16.32610
289,17.30301,32.99996,16.37376
290,17.34801,33.10825,16.44049
291,17.41207,33.23217,16.48816
292,17.48223,33.34046,16.54535
293,17.53676,33.47392,16.61208
294,17.59738,33.57268,16.65364
295,17.65191,33.68097,16.71084
296,17.72207,33.80490,16.77757
297,17.78613,33.91319,16.82523
298,17.84066,34.04665,16.89196
299,17.89175,34.15494,16.94916
300,17.97145,34.28840,16.99682
301,18.01644,34.37762,17.06355
302,18.07097,34.49545,17.11121
303,18.13160,34.61937,17.16841
304,18.31081,34.77533,17.36250
305,18.40004,34.88972,17.41969
306,18.45456,35.00754,17.48642
307,18.50566,35.12537,17.53409
308,18.56019,35.23976,17.60081
309,18.60518,35.35759,17.64848
310,18.69441,35.48151,17.71521
311,18.73940,35.58980,17.76287
312,18.80003,35.69809,17.82960
313,18.86409,35.81249,17.87726
314,18.92472,35.92078,17.94399
315,18.98878,36.05424,18.00119
316,19.03034,36.15299,18.04275
317,19.10050,36.28645,18.10948
318,19.16456,36.40428,18.14761
319,19.21909,36.49350,18.21434
320,19.15846,36.38521,18.13808
321,19.22862,36.49350,18.20481
322,19.28315,36.62696,18.25247
323,19.35331,36.72572,18.30967
324,19.39830,36.84964,18.37640
325,19.45893,36.97700,18.42406
326,19.52299,37.09139,18.48126
327,19.59315,37.19015,18.53845
328,19.64768,37.31751,18.60518
329,19.71784,37.42237,18.65284
330,19.77847,37.54019,18.71957
331,19.83299,37.66412,18.77067
332,19.89705,37.79148,18.81833
333,19.95768,37.89634,18.87553
334,20.01221,38.00463,18.93273
335,20.07627,38.11292,18.98039
336,20.25548,38.50719,19.19011
337,20.30658,38.60595,19.24730
338,20.37674,38.71424,19.30450
339,20.43127,38.85723,19.36170
340,20.49190,38.96553,19.40326
341,20.55596,39.08945,19.46999
342,20.61658,39.18821,19.52719
343,20.68674,39.29650,19.57485
344,20.73517,39.40136,19.63204
345,20.79580,39.50965,19.69877
346,20.85033,39.67171,19.75597
347,20.92049,39.78000,19.81317
348,20.96548,39.89439,19.87036
349,21.04517,40.00268,19.92756
350,21.10580,40.13004,19.98476
351,21.16986,40.22537,20.04195
352,21.20532,40.34319,20.07398
353,21.27548,40.46712,20.13118
354,21.32048,40.57541,20.17884
355,21.40017,40.68370,20.23604
356,21.46423,40.81716,20.30277
357,21.51533,40.91592,20.36950
358,21.57596,41.03984,20.41716
359,21.61485,41.15767,20.47436
360,21.70064,41.28159,20.53155
361,21.75517,41.39942,20.58875
362,21.82533,41.51381,20.64594
363,21.87986,41.62210,20.70314
364,21.95002,41.73039,20.74470
365,21.98891,41.84479,20.80190
366,22.06250,41.96261,20.85910
367,22.10407,42.08653,20.90676
368,22.17766,42.22342,21.00209
369,22.25735,42.32218,21.05928
370,22.31798,42.45564,21.09741
371,22.35954,42.55440,21.16414
372,22.42704,42.69739,21.22134
373,22.48766,42.79615,21.28807
374,22.55172,42.92351,21.34526
375,22.58719,43.03790,21.39293
376,22.68251,43.13666,21.44402
377,22.71187,43.27965,21.50122
378,22.77250,43.37841,21.54888
379,22.83656,43.49280,21.61561
380,22.91282,43.61062,21.66327
381,22.96125,43.72845,21.73954
382,23.03751,43.83331,21.78720
383,23.07640,43.94160,21.85393
384,23.02188,43.80471,21.76813
385,23.09204,43.92253,21.82533
386,23.14656,44.04646,20.24557
387,23.21062,44.15475,21.93972
388,23.27125,44.28821,22.00645
389,23.32578,44.38697,22.05412
390,23.38031,44.50479,22.10521
391,23.45047,44.64778,22.16241
392,23.50499,44.72748,22.22914
393,23.58126,44.86093,22.27680
394,23.62625,44.96923,22.33400
395,23.69984,45.09315,22.39119
396,23.74484,45.20144,22.44839
397,23.82110,45.30973,22.50559
398,23.86953,45.42413,22.57231
399,23.93015,45.54195,22.62951
400,24.09984,45.90763,22.81406
401,24.17000,46.02545,22.87126
402,24.24969,46.15281,22.92846
403,24.29468,46.27673,22.97612
404,24.34921,46.38502,23.02378
405,24.41937,46.49942,23.09051
406,24.46437,46.60771,23.14771
407,24.53453,46.71600,23.20490
408,24.60812,46.85899,23.26210
409,24.64358,46.95775,23.32883
410,24.70764,47.09121,23.39556
411,24.76827,47.18043,23.44322
412,24.82280,47.32342,23.48479
413,24.88342,47.44125,23.54198
414,24.93795,47.51141,23.59918
415,25.01764,47.67347,23.65637
416,24.94748,47.75316,23.58964
417,25.01154,47.85802,23.63731
418,25.07827,47.97584,23.70404
419,25.14233,48.09977,23.75170
420,25.18733,48.20806,23.81843
421,25.25749,48.32588,23.87563
422,25.32765,48.43074,23.92329
423,25.38218,48.54857,23.98049
424,25.44280,48.68203,24.04721
425,25.49123,48.78079,24.11394
426,25.55186,48.88908,24.14597
427,25.63155,49.02253,24.20317
428,25.67655,49.13083,24.26990
429,25.73107,49.28335,24.32710
430,25.79513,49.39164,24.38429
431,25.86186,49.48697,24.45102
432,26.06014,49.67152,24.63214
433,26.11124,49.76075,24.68934
434,26.17530,49.86561,24.75607
435,26.22029,49.98343,24.81326
436,26.27482,50.10736,24.85483
437,26.34498,50.23471,24.91202
438,26.40904,50.33347,24.95969
439,26.46013,50.45740,25.03595
440,26.53983,50.56569,25.08361
441,26.58482,50.68961,25.14081
442,26.63935,50.78837,25.19800
443,26.69388,50.90620,25.25520
444,26.77967,51.03012,25.32193
445,26.82467,51.11935,25.36959
446,26.88873,51.28141,25.42679
447,26.95889,51.37063,25.49352
448,26.90436,51.25281,25.41726
449,26.93372,51.36110,25.47445
450,27.01951,51.50409,25.52212
451,27.06794,51.59332,25.57321
452,27.12857,51.72677,25.62087
453,27.19873,51.82553,25.68760
454,27.26279,51.92429,25.74480
455,27.29825,52.07681,25.81153
456,27.37794,52.16604,25.85919
457,27.42294,52.28997,25.91639
458,27.49310,52.39826,25.97359
459,27.55716,52.52561,26.04031
460,27.62122,52.65907,26.08798
461,27.68185,52.74830,26.14517
462,27.75201,52.91036,26.18674
463,27.80653,52.98052,26.24393
464,27.98232,53.34009,26.44412
465,28.02731,53.47355,26.50132
466,28.09137,53.57231,26.55851
467,28.15200,53.72826,26.61571
468,28.22216,53.80452,26.67290
469,28.27669,53.93188,26.73963
470,28.34075,54.04627,26.79683
471,28.39527,54.18316,26.85403
472,28.45590,54.26896,26.89559
473,28.52606,54.38678,26.96232
474,28.58669,54.51071,27.00998
475,28.62559,54.61900,27.06718
476,28.69575,54.77495,27.12437
477,28.75637,54.86075,27.19110
478,28.81090,54.98810,27.24830
479,28.88106,55.08343,27.30550
480,28.89746,55.21079,27.32456
481,28.97715,55.30612,27.38176
482,29.02825,55.43347,27.44849
483,29.07324,55.53223,27.49615
484,29.14683,55.65616,27.55335
485,29.19793,55.77398,27.60444
486,29.26199,55.89791,27.65210
487,29.32262,55.99667,27.71883
488,29.39278,56.11449,27.77603
489,29.45074,56.24795,27.82369
490,29.50793,56.34671,27.88089
491,29.55293,56.47063,27.93809
492,29.61699,56.57892,28.00481
493,29.68105,56.71238,28.07154
494,29.74167,56.81114,28.11921
495,29.81184,56.94460,28.17640
496,29.90449,57.05289,28.25610
497,29.96855,57.18025,28.30376
498,30.02918,57.30417,28.36096
499,30.05854,57.40293,28.41815
500,30.14434,57.52686,28.47535
501,30.18933,57.62561,28.54208
502,30.24729,57.76250,28.59927
503,30.29839,57.87690,28.65647
504,30.36855,57.99472,28.70413
505,30.41354,58.10911,28.77086
506,30.48370,58.21741,28.81853
507,30.54433,58.31616,28.88526
508,30.60839,58.44962,28.92682
509,30.67855,58.54838,28.97448
510,30.74261,58.68184,29.04121
511,30.80324,58.81873,29.10794
512,30.76167,58.69137,29.03168
513,30.82230,58.77107,29.08887
514,30.85166,58.91406,29.14607
515,30.91229,59.02235,29.20327
516,30.98588,59.13674,29.26046
517,31.03698,59.24503,29.31766
518,31.10714,59.34379,29.37486
519,31.17730,59.47725,29.44159
520,31.24136,59.57601,29.48925
521,31.27682,59.71900,29.55598
522,31.34088,59.80822,29.61317
523,31.41104,59.93215,29.64520
524,31.46214,60.04997,29.71193
525,31.52620,60.16780,29.76913
526,31.59979,60.31079,29.82633
527,31.64135,60.41908,29.88352
528,31.83963,60.78819,30.09324
529,31.91323,60.92508,30.15044
530,31.95479,61.01087,30.21717
531,32.03448,61.15729,30.26483
532,32.07948,61.27169,30.30639
533,32.13400,61.36091,30.37312
534,32.20416,61.52297,30.42079
535,32.24916,61.61219,30.47798
536,32.31932,61.72049,30.53518
537,32.38338,61.82535,30.59237
538,32.43447,61.96224,30.64004
539,32.50807,62.04803,30.70677
540,32.55306,62.18492,30.77350
541,32.63276,62.31838,30.83069
542,32.67775,62.40760,30.36359
543,32.74791,62.52543,30.94508
544,32.70292,62.59216,30.84976
545,32.72884,62.71608,30.92602
546,32.78947,62.83391,30.96758
547,32.85353,62.94220,31.02478
548,32.92713,63.07566,31.08197
549,32.98775,63.17441,31.13917
550,33.01711,63.29834,31.20590
551,33.11244,63.40663,31.25356
552,33.16354,63.52102,31.31076
553,33.21806,63.63885,31.36796
554,33.27259,63.74714,31.42515
555,33.35228,63.87107,31.50141
556,33.40681,63.97936,31.53954
557,33.46134,64.11281,31.60627
558,33.53150,64.22111,31.63830
559,33.57306,64.32940,31.70503
560,33.78087,64.53912,31.89569
561,33.82587,64.61881,31.96241
562,33.88650,64.74617,32.01961
563,33.94102,64.87009,32.08634
564,34.01119,64.98792,32.13400
565,34.07524,65.08324,32.19120
566,34.12024,65.21060,32.25793
567,34.19993,65.33796,32.30559
568,34.24493,65.46188,32.36622
569,34.30556,65.54158,32.41388
570,34.36008,65.67504,32.47108
571,34.43024,65.79286,32.51874
572,34.47524,65.89772,32.58547
573,34.53930,66.00601,32.64267
574,34.60946,66.12384,32.69987
575,34.66399,66.23823,32.74753
576,34.59993,66.14290,32.67127
577,34.67009,66.26683,32.72846
578,34.72461,66.37512,32.79519
579,34.78867,66.50858,32.86192
580,34.84930,66.61687,32.90959
581,34.90383,66.73469,32.96678
582,34.98352,66.84908,33.00834
583,35.03805,66.98597,33.08461
584,35.08914,67.08130,33.12274
585,35.15320,67.19913,33.17993
586,35.21383,67.30399,33.23713
587,35.27789,67.41228,33.30386
588,35.32899,67.53963,33.36105
589,35.38351,67.66356,33.40872
590,35.43804,67.76232,33.47545
591,35.51773,67.87671,33.54218
592,35.68742,68.24582,33.70766
593,35.76711,68.33504,33.76486
594,35.79304,68.44944,33.83159
595,35.86320,68.55773,33.88879
596,35.92726,68.68165,33.93645
597,35.99742,68.78994,34.00318
598,36.03288,68.91730,34.05084
599,36.11258,69.02216,34.10804
600,36.16710,69.13045,34.16523
601,36.22163,69.26391,34.22243
602,36.30132,69.36267,34.28916
603,36.33679,69.49613,34.35589
604,36.40695,69.59489,34.39745
605,36.46147,69.71881,34.45465
606,36.52210,69.84617,34.50231
607,36.59569,69.96399,34.56904
608,36.63726,70.06885,34.60717
609,36.68225,70.16761,34.66437
610,36.75241,70.28200,34.72156
611,36.81647,70.41889,34.77876
612,36.87710,70.52375,34.83596
613,36.93773,70.64158,34.89315
614,37.00179,70.74987,34.94081
615,37.06585,70.87379,35.00754
616,37.11694,70.98209,35.06474
617,37.16194,71.10601,35.09677
618,37.25116,71.20477,35.17303
619,37.28662,71.34166,35.23023
620,37.36022,71.45605,35.29696
621,37.40521,71.54528,35.35415
622,37.48147,71.68827,35.40182
623,37.54553,71.79656,35.45901
624,37.61913,71.94298,35.53527
625,37.67365,72.04784,35.60200
626,37.73428,72.13707,35.64967
627,37.77927,72.28959,35.70686
628,37.84333,72.38835,35.75796
629,37.90396,72.51228,35.80562
630,37.98366,72.62057,35.87235
631,38.02865,72.74793,35.92955
632,38.10834,72.87185,35.97721
633,38.14381,72.97061,36.04394
634,38.20787,73.10407,36.11067
635,38.27803,73.21236,36.15833
636,38.34209,73.33628,36.21553
637,38.39318,73.44458,36.26319
638,38.44771,73.55287,36.32992
639,38.50834,73.69586,36.38712
640,38.44771,73.66726,36.32039
641,38.51787,73.77555,36.36805
642,38.58193,73.89948,36.41915
643,38.65209,74.01730,36.46681
644,38.69708,74.11606,36.54307
645,38.74208,74.23999,36.58120
646,38.82177,74.34828,36.63840
647,38.88240,74.48173,36.71466
648,38.96553,74.59956,36.77186
649,38.99145,74.69489,36.81952
650,39.08068,74.82224,36.87672
651,39.11614,74.92100,36.94345
652,39.19584,75.07353,37.01018
653,39.23130,75.19135,37.05784
654,39.31442,75.30574,37.10893
655,39.35599,75.40450,37.15660
656,39.54473,75.71298,37.34725
657,39.60536,75.83080,37.41398
658,39.65989,75.92956,37.47118
659,39.72052,76.03442,37.52837
660,39.79068,76.13318,37.58557
661,39.87380,76.27617,37.64277
662,39.90926,76.38446,37.70950
663,39.98896,76.48932,37.74763
664,40.03395,76.60715,37.80825
665,40.09458,76.71201,37.86545
666,40.15864,76.84890,37.91311
667,40.21317,76.94766,37.97984
668,40.27379,77.06205,38.04657
669,40.32832,77.19894,38.09424
670,40.38895,77.30723,38.15143
671,40.44958,77.43116,38.20863
672,40.38895,77.51695,38.13237
673,40.44348,77.61571,38.18003
674,40.51364,77.73010,38.24676
675,40.55863,77.87652,38.30396
676,40.63833,77.98481,38.37068
677,40.68332,78.10874,38.41835
678,40.76301,78.20750,38.45991
679,40.80801,78.32532,38.52664
680,40.87817,78.44925,38.57430
681,40.94223,78.53847,38.65056
682,40.98722,78.66240,38.70776
683,41.04785,78.78976,38.75542
684,41.11801,78.93275,38.82215
685,41.17254,79.00291,38.86982
686,41.22707,79.12073,38.91748
687,41.30676,79.24466,38.98421
688,41.47644,79.43874,39.16876
689,41.53707,79.53750,39.23549
690,41.61066,79.65190,39.28316
691,41.67129,79.76019,39.34035
692,41.71628,79.88411,39.39755
693,41.76128,80.02100,39.46428
694,41.83144,80.12586,39.52147
695,41.89550,80.22462,39.57867
696,41.94049,80.36151,39.63587
697,42.01065,80.44730,39.69306
698,42.06518,80.58419,39.74073
699,42.14487,80.68905,39.79792
700,42.18034,80.79735,39.84902
701,42.25050,80.91174,39.90621
702,42.32066,81.05816,39.96341
703,42.37519,81.13785,40.02061
704,42.33019,81.14739,39.94434
705,42.37519,81.26178,40.00154
706,42.43924,81.37007,40.04920
707,42.50941,81.49400,40.12547
708,42.55440,81.60229,40.18266
709,42.63409,81.72621,40.23986
710,42.67909,81.83450,40.29705
711,42.74925,81.94890,40.34472
712,42.79424,82.05719,40.41145
713,42.86440,82.19408,40.47818
714,42.90940,82.28941,40.50067
715,42.96393,82.44536,40.57693
716,43.05315,82.55022,40.63413
717,43.07908,82.66804,40.68179
718,43.13971,82.75727,40.72946
719,43.20377,82.89073,40.80572
720,43.39252,83.12295,40.99637
721,43.46268,83.25984,41.06310
722,43.51377,83.33953,41.10123
723,43.57783,83.46345,41.15843
724,43.63236,83.58128,41.20953
725,43.69299,83.70520,41.26672
726,43.74751,83.83256,41.32392
727,43.81767,83.92179,41.39065
728,43.87220,84.06478,41.43831
729,43.93283,84.16354,41.49551
730,43.98736,84.30653,41.55270
731,44.04188,84.40529,41.62896
732,44.13111,84.51968,41.66710
733,44.17267,84.62797,41.75289
734,44.22720,84.75533,41.78149
735,44.29736,84.86019,41.84822
736,44.35532,84.93988,41.89931
737,44.42548,85.08287,41.96604
738,44.48954,85.18163,42.01370
739,44.54674,85.29945,42.08043
740,44.59173,85.40431,42.13763
741,44.64626,85.52824,42.17576
742,44.71032,85.66513,42.24249
743,44.78048,85.76389,42.29969
744,44.83501,85.89735,42.38548
745,44.90517,85.97704,42.41408
746,44.96579,86.10096,42.49034
747,45.02032,86.22832,42.52237
748,45.07142,86.33661,42.60816
749,45.14501,86.46054,42.64630
750,45.19954,86.55930,42.69396
751,45.26970,86.71182,42.77022
752,45.33376,86.83918,42.80835
753,45.36922,86.92497,42.88461
754,45.43938,87.03326,42.92274
755,45.50344,87.14156,42.99901
756,45.57360,87.27501,43.03714
757,45.62470,87.38330,43.09433
758,45.67922,87.52630,43.17059
759,45.73375,87.63459,43.23732
760,45.80391,87.73335,43.25982
761,45.85844,87.85727,43.31702
762,45.92860,87.95603,43.37421
763,45.97359,88.05136,43.43141
764,46.04375,88.18825,43.47907
765,46.09828,88.31217,43.56487
766,46.16234,88.42046,43.60300
767,46.22297,88.54782,43.66019
768,46.14938,88.37280,43.57440
769,46.23250,88.48719,43.63160
770,46.27406,88.64315,43.69833
771,46.33812,88.73847,43.75552
772,46.38312,88.84677,43.82225
773,46.46281,88.96459,43.86991
774,46.51391,89.06945,43.91148
775,46.58750,89.19681,43.97821
776,46.64203,89.30510,44.02587
777,46.71219,89.42902,44.08307
778,46.75718,89.54685,44.14979
779,46.83077,89.67077,44.20699
780,46.87844,89.77907,44.25465
781,46.94593,89.87439,44.32138
782,46.99702,89.99222,44.37858
783,47.06719,90.11614,44.43578
784,47.24640,90.50775,44.62033
785,47.30093,90.61261,44.67753
786,47.37109,90.73043,44.74425
787,47.41608,90.84482,44.79192
788,47.47061,90.95311,44.85865
789,47.54077,91.10564,44.91584
790,47.60140,91.21393,44.97304
791,47.67499,91.31269,45.03024
792,47.71999,91.42708,45.08743
793,47.78061,91.55444,45.13510
794,47.86374,91.65930,45.20182
795,47.90873,91.77712,45.27809
796,47.96936,91.89151,45.30058
797,48.03952,92.01887,45.35778
798,48.08452,92.13326,45.42451
799,48.14858,92.26062,45.48170
800,48.09405,92.32125,45.41498
801,48.12608,92.43564,45.46264
802,48.20310,92.55347,45.51984
803,48.25420,92.71552,45.56750
804,48.32436,92.76662,45.62470
805,48.39795,92.90351,45.69142
806,48.43951,93.00837,45.74862
807,48.50967,93.10713,45.80582
808,48.56420,93.25012,45.87255
809,48.63779,93.35841,45.92974
810,48.68889,93.51093,45.97130
811,48.73388,93.58109,46.02850
812,48.81358,93.71455,46.08570
813,48.84904,93.82284,46.13336
814,48.91310,93.93113,46.19056
815,48.99279,94.05506,46.24775
816,49.17201,94.22055,46.44794
817,49.23264,94.31930,46.51467
818,49.29670,94.46230,46.56233
819,49.35732,94.55152,46.61953
820,49.42138,94.69451,46.66109
821,49.47248,94.78374,46.72782
822,49.53311,94.92063,46.80408
823,49.58153,95.03502,46.84221
824,49.66123,95.14331,46.89941
825,49.72185,95.25770,46.96614
826,49.77638,95.36600,47.02333
827,49.83091,95.48992,47.07100
828,49.89154,95.58868,47.13773
829,49.96170,95.72214,47.19492
830,50.03529,95.83996,47.25212
831,50.08028,95.95779,47.30932
832,50.01966,95.81136,47.23305
833,50.07075,95.94482,47.29025
834,50.14091,96.03405,47.34135
835,50.20154,96.17094,47.37948
836,50.24653,96.27580,47.43667
837,50.31670,96.38409,47.51293
838,50.39029,96.51755,47.56060
839,50.42575,96.61631,47.62733
840,50.48028,96.74023,47.67499
841,50.54090,96.84852,47.73219
842,50.58590,96.95681,47.78938
843,50.66559,97.08074,47.84658
844,50.73575,97.20810,47.89424
845,50.79028,97.31639,47.97050
846,50.86044,97.44031,48.01207
847,50.92450,97.54861,48.06926
848,51.09418,97.91771,48.25992
849,51.15481,98.06070,48.31711
850,51.21887,98.14993,48.38384
851,51.27950,98.28339,48.43151
852,51.33403,98.37261,48.49824
853,51.39809,98.49654,48.56496
854,51.45871,98.63343,48.61263
855,51.52277,98.75735,48.67936
856,51.56777,98.84658,48.71139
857,51.63793,98.99300,48.77812
858,51.70809,99.08833,48.85438
859,51.75308,99.19662,48.88298
860,51.84231,99.30491,48.94017
861,51.86824,99.43837,49.00690
862,51.94793,99.55619,49.05456
863,52.01199,99.66105,49.12129
864,52.03449,99.79794,49.17849
865,52.11418,99.90280,49.21662
866,52.15308,100.01110,49.28335
867,52.23277,100.11939,49.32148
868,52.29340,100.25284,49.37258
869,52.33839,100.35160,49.43930
870,52.40245,100.46600,49.49650
871,52.45965,100.56476,49.54416
872,52.54277,100.69821,49.62043
873,52.57824,100.81604,49.66809
874,52.64840,100.93386,49.72529
875,52.70292,101.04825,49.78248
876,52.77308,101.13748,49.83015
877,52.80855,101.28047,49.89687
878,52.86307,101.38876,49.95407
879,52.93323,101.52222,50.01127
880,53.01636,101.65911,50.08143
881,53.07089,101.78647,50.12909
882,53.13151,101.90429,50.18629
883,53.19557,102.00915,50.24348
884,53.25620,102.13308,50.30068
885,53.31073,102.24137,50.36741
886,53.37479,102.35919,50.42461
887,53.42588,102.47359,50.48180
888,53.50901,102.58188,50.53900
889,53.55400,102.71877,50.59619
890,53.60510,102.81409,50.65339
891,53.67526,102.90332,50.71059
892,53.72979,103.02724,50.76168
893,53.78088,103.15460,50.79981
894,53.84494,103.27853,50.86654
895,53.93417,103.39635,50.93327
896,53.86401,103.25946,50.85701
897,53.91510,103.37729,50.92374
898,53.99823,103.46308,50.98093
899,54.03369,103.59997,51.01907
900,54.10385,103.72390,51.08579
901,54.15495,103.84172,51.14299
902,54.22854,103.96908,51.20019
903,54.27963,104.02627,51.25738
904,54.33416,104.17270,51.31458
905,54.38869,104.27756,51.36224
906,54.44932,104.40491,51.41334
907,54.50384,104.51930,51.47053
908,54.59307,104.64666,51.53726
909,54.63806,104.75495,51.58493
910,54.72119,104.86935,51.64212
911,54.75322,104.98717,51.70885
912,54.93243,105.36581,51.90904
913,54.99649,105.48973,51.96624
914,55.06322,105.57896,52.02343
915,55.11775,105.69335,52.08063
916,55.17228,105.82071,52.12219
917,55.24244,105.95760,52.18892
918,55.29086,106.06246,52.23658
919,55.36102,106.16122,52.28425
920,55.41212,106.29124,52.36051
921,55.48228,106.40297,52.41770
922,55.50821,106.51126,52.47490
923,55.58180,106.66378,52.52256
924,55.66150,106.72441,52.59883
925,55.70649,106.86740,52.63696
926,55.79572,106.96616,52.70369
927,55.84071,107.09962,52.76088
928,55.77665,107.19838,52.67509
929,55.83118,107.28417,52.73228
930,55.89524,107.41153,52.79291
931,55.95587,107.52935,52.84058
932,56.01039,107.65328,52.90730
933,56.06149,107.79017,52.94544
934,56.12555,107.88206,53.00263
935,56.22431,108.02239,53.06936
936,56.25977,108.11771,53.13609
937,56.33336,108.24164,53.19329
938,56.38102,108.33430,53.25048
939,56.42945,108.46775,53.29815
940,56.49008,108.57261,53.35534
941,56.56977,108.69997,53.41254
942,56.61477,108.80826,53.45410
943,56.69789,108.94172,53.51130
944,56.86414,109.11331,53.73055
945,56.91867,109.20597,53.77821
946,56.97320,109.32989,53.83541
947,57.05289,109.43818,53.89261
948,57.09788,109.52741,53.94980
949,57.16194,109.67040,54.02606
950,57.21304,109.75963,54.07373
951,57.28320,109.88355,54.13092
952,57.35336,110.01701,54.18202
953,57.40789,110.13827,54.23921
954,57.45898,110.26829,54.28688
955,57.51694,110.36095,54.34407
956,57.58710,110.50394,54.41080
957,57.62867,110.57410,54.46800
958,57.70226,110.73006,54.51566
959,57.77242,110.85055,54.57286
960,57.71789,110.69459,54.49660
961,57.76289,110.76819,54.55379
962,57.81741,110.90508,54.63006
963,57.89711,111.11136,54.67772
964,57.96117,111.14683,54.72538
965,58.00616,111.30545,54.80164
966,58.05726,111.39468,54.83367
967,58.12132,111.52203,54.89087
968,58.18194,111.64596,54.93853
969,58.23647,111.72565,55.02433
970,58.30663,111.83394,55.06246
971,58.38022,111.95177,55.11966
972,58.43132,112.07569,55.17685
973,58.48585,112.19009,55.24358
974,58.54647,112.30791,55.30078
975,58.60100,112.44480,55.37704
976,58.78632,112.78531,55.53299
977,58.85038,112.91877,55.59972
978,58.91101,113.03659,55.64739
979,58.97163,113.15441,55.71412
980,59.03913,113.28444,55.77131
981,59.07459,113.37367,55.82851
982,59.14475,113.50713,55.89524
983,59.21834,113.59025,55.96197
984,59.26944,113.71761,56.01916
985,59.33960,113.83200,56.06683
986,59.40022,113.94639,56.12402
987,59.45475,114.07375,56.18122
988,59.52834,114.17251,56.22278
989,59.56991,114.30940,56.27998
990,59.64350,114.43332,56.33717
991,59.69459,114.57021,56.39437
992,59.76209,114.64647,56.45157
993,59.81928,114.79290,56.50876
994,59.86771,114.90729,56.58502
995,59.92834,115.04075,56.65175
996,59.97943,115.12044,56.68035
997,60.04349,115.24780,56.74708
998,60.11365,115.38469,56.79474
999,60.18381,115.47048,56.87101
1000,60.23224,115.58831,56.90304
1001,60.30240,115.69317,56.95070
1002,60.34396,115.83006,57.00790
1003,60.42709,115.92881,57.07462
1004,60.46865,116.05274,57.12229
1005,60.53271,116.18620,57.17948
1006,60.61240,116.30745,57.25575
1007,60.62880,116.39935,57.28434
1008,60.71193,116.52671,57.35107
1009,60.78209,116.63500,57.41780
1010,60.82708,116.74329,57.46547
1011,60.89114,116.88285,57.53219
1012,60.96130,116.97551,57.56422
1013,61.02536,117.12803,57.63095
1014,61.08599,117.26492,57.69768
1015,61.13708,117.33165,57.75488
1016,61.19161,117.47464,57.80254
1017,61.25224,117.56730,57.89787
1018,61.32240,117.68779,57.91693
1019,61.38036,117.79951,57.98366
1020,61.42192,117.89484,58.03133
1021,61.48598,118.01877,58.11712
1022,61.54318,118.12706,58.15525
1023,61.60724,118.27958,58.22198
