255,20.40000,28.56000,12.24000
511,34.10880,65.28000,28.56000
767,51.89760,91.22880,44.88000
1023,65.60640,123.86880,61.20000
1279,79.31520,156.50880,77.52000
1535,97.10400,182.45760,93.84000
1791,110.81280,215.09760,106.08000
2047,124.52160,247.73760,122.40000
2303,142.31040,273.68640,138.72000
2559,156.01920,306.32640,155.04000
2815,173.80800,343.04640,171.36000
3071,187.51680,368.99520,187.68000
3327,205.30560,401.63520,199.92000
3583,219.01440,427.58400,216.24000
3839,232.72320,460.22400,232.56000
4095,250.51200,492.86400,248.88000
4351,264.22080,518.81280,265.20000
4607,282.00960,551.45280,277.44000
4863,295.71840,588.17280,293.76000
5119,309.42720,614.12160,303.38880
5375,333.90720,646.76160,319.70880
5631,347.61600,679.40160,336.02880
5887,365.40480,705.35040,352.34880
6143,379.11360,737.99040,364.58880
6399,396.90240,763.93920,380.90880
6655,410.61120,800.65920,397.22880
6911,424.32000,833.29920,413.54880
7167,442.10880,859.24800,429.86880
7423,455.81760,891.88800,446.18880
7679,473.60640,924.52800,458.42880
7935,487.31520,950.47680,474.74880
8191,501.02400,983.11680,491.06880
8447,522.89280,1015.75680,503.30880
8703,540.68160,1037.62560,519.62880
8959,562.55040,1066.18560,531.86880
9215,573.64800,1094.74560,548.18880
9471,595.51680,1120.69440,560.42880
9727,613.30560,1149.25440,572.66880
9983,635.17440,1177.81440,588.98880
10239,652.96320,1206.37440,601.22880
10495,674.83200,1228.24320,613.46880
10751,692.62080,1256.80320,623.09760
11007,703.71840,1289.44320,635.33760
11263,725.58720,1311.31200,647.57760
11519,743.37600,1339.87200,663.89760
11775,765.24480,1368.43200,676.13760
12031,783.03360,1396.99200,688.37760
12287,804.90240,1422.94080,704.69760
12543,822.69120,1451.50080,716.93760
12799,840.48000,1480.06080,733.25760
13055,855.65760,1501.92960,745.49760
13311,873.44640,1530.48960,757.73760
13567,895.31520,1559.04960,774.05760
13823,913.10400,1584.99840,786.29760
14079,934.97280,1613.55840,798.53760
14335,952.76160,1642.11840,814.85760
14591,970.55040,1670.67840,827.09760
14847,985.72800,1692.54720,843.41760
15103,1003.51680,1725.18720,855.65760
15359,1025.38560,1753.74720,867.89760
15615,1043.17440,1775.61600,884.21760
15871,1065.04320,1804.17600,896.45760
16127,1082.83200,1832.73600,908.69760
16383,1100.62080,1861.29600,925.01760
16639,1115.79840,1883.16480,930.56640
16895,1137.66720,1907.64480,942.80640
17151,1155.45600,1932.12480,955.04640
17407,1177.32480,1960.68480,967.28640
17663,1195.11360,1978.47360,979.52640
17919,1216.98240,2002.95360,991.76640
18175,1232.16000,2031.51360,1004.00640
18431,1249.94880,2055.99360,1020.32640
18687,1271.81760,2073.78240,1032.56640
18943,1289.60640,2102.34240,1044.80640
19199,1311.47520,2126.82240,1057.04640
19455,1333.34400,2151.30240,1069.28640
19711,1344.44160,2173.17120,1081.52640
19967,1366.31040,2197.65120,1093.76640
20223,1384.09920,2222.13120,1106.00640
20479,1405.96800,2250.69120,1118.24640
20735,1427.83680,2268.48000,1130.48640
20991,1445.62560,2292.96000,1142.72640
21247,1460.80320,2321.52000,1159.04640
21503,1478.59200,2346.00000,1171.28640
21759,1500.46080,2363.78880,1183.52640
22015,1518.24960,2392.34880,1195.76640
22271,1540.11840,2416.82880,1208.00640
22527,1561.98720,2445.38880,1220.24640
22783,1573.08480,2463.17760,1232.48640
23039,1594.95360,2487.65760,1238.03520
23295,1612.74240,2512.13760,1250.27520
23551,1634.61120,2540.69760,1262.51520
23807,1652.40000,2558.48640,1278.83520
24063,1674.26880,2582.96640,1291.07520
24319,1689.44640,2611.52640,1303.31520
24575,1707.23520,2636.00640,1315.55520
24831,1729.10400,2653.79520,1327.79520
25087,1746.89280,2674.19520,1340.03520
25343,1768.76160,2698.67520,1348.19520
25599,1786.55040,2723.15520,1360.43520
25855,1801.72800,2747.63520,1372.67520
26111,1823.59680,2761.34400,1384.91520
26367,1841.38560,2785.82400,1397.15520
26623,1863.25440,2810.30400,1409.39520
26879,1881.04320,2830.70400,1421.63520
27135,1902.91200,2855.18400,1433.87520
27391,1918.08960,2872.97280,1446.11520
27647,1935.87840,2893.37280,1454.27520
27903,1957.74720,2917.85280,1466.51520
28159,1975.53600,2942.33280,1478.75520
28415,1997.40480,2960.12160,1490.99520
28671,2012.58240,2980.52160,1503.23520
28927,2030.37120,3005.00160,1515.47520
29183,2052.24000,3029.48160,1527.71520
29439,2070.02880,3053.96160,1539.95520
29695,2091.89760,3067.67040,1545.50400
29951,2109.68640,3092.15040,1557.74400
30207,2124.86400,3116.63040,1565.90400
30463,2146.73280,3137.03040,1578.14400
30719,2164.52160,3161.51040,1590.38400
30975,2186.39040,3179.29920,1602.62400
31231,2208.25920,3203.77920,1614.86400
31487,2226.04800,3224.17920,1627.10400
31743,2237.14560,3248.65920,1639.34400
31999,2259.01440,3266.44800,1651.58400
32255,2280.88320,3286.84800,1663.82400
32511,2298.67200,3311.32800,1676.06400
32767,2320.54080,3335.80800,1684.22400
33023,2338.32960,3356.20800,1696.46400
33279,2353.50720,3369.91680,1708.70400
33535,2375.37600,3394.39680,1720.94400
33791,2393.16480,3414.79680,1729.10400
34047,2415.03360,3435.19680,1741.34400
34303,2432.82240,3455.59680,1753.58400
34559,2454.69120,3473.38560,1765.82400
34815,2465.78880,3493.78560,1773.98400
35071,2487.65760,3514.18560,1786.22400
35327,2505.44640,3538.66560,1798.46400
35583,2527.31520,3559.06560,1806.62400
35839,2549.18400,3572.77440,1818.86400
36095,2566.97280,3593.17440,1831.10400
36351,2582.15040,3617.65440,1843.34400
36607,2599.93920,3638.05440,1844.81280
36863,2621.80800,3658.45440,1857.05280
37119,2639.59680,3672.16320,1869.29280
37375,2661.46560,3696.64320,1881.53280
37631,2676.64320,3717.04320,1889.69280
37887,2694.43200,3737.44320,1901.93280
38143,2716.30080,3761.92320,1914.17280
38399,2734.08960,3782.32320,1926.41280
38655,2755.95840,3796.03200,1934.57280
38911,2777.82720,3820.51200,1946.81280
39167,2788.92480,3840.91200,1959.05280
39423,2806.71360,3861.31200,1971.29280
39679,2828.58240,3881.71200,1979.45280
39935,2850.45120,3895.42080,1991.69280
40191,2868.24000,3919.90080,2003.93280
40447,2886.02880,3940.30080,2016.17280
40703,2901.20640,3960.70080,2024.33280
40959,2923.07520,3981.10080,2036.57280
41215,2940.86400,3994.80960,2048.81280
41471,2962.73280,4015.20960,2056.97280
41727,2980.52160,4035.60960,2069.21280
41983,3002.39040,4056.00960,2077.37280
42239,3013.48800,4076.40960,2089.61280
42495,3035.35680,4096.80960,2101.85280
42751,3053.14560,4110.51840,2110.01280
43007,3075.01440,4130.91840,2122.25280
43263,3092.80320,4151.31840,2130.41280
43519,3114.67200,4171.71840,2142.65280
43775,3125.76960,4188.03840,2154.89280
44031,3147.63840,4201.74720,2156.36160
44287,3169.50720,4222.14720,2168.60160
44543,3187.29600,4242.54720,2176.76160
44799,3209.16480,4262.94720,2189.00160
45055,3226.95360,4283.34720,2201.24160
45311,3242.13120,4303.74720,2209.40160
45567,3259.92000,4317.45600,2221.64160
45823,3281.78880,4337.85600,2229.80160
46079,3299.57760,4358.25600,2242.04160
46335,3317.36640,4374.57600,2250.20160
46591,3335.15520,4394.97600,2262.44160
46847,3350.33280,4404.60480,2274.68160
47103,3368.12160,4429.08480,2282.84160
47359,3389.99040,4449.48480,2295.08160
47615,3407.77920,4465.80480,2303.24160
47871,3429.64800,4486.20480,2315.48160
48127,3447.43680,4506.60480,2327.72160
48383,3458.53440,4520.31360,2335.88160
48639,3480.40320,4536.63360,2348.12160
48895,3498.19200,4557.03360,2356.28160
49151,3520.06080,4577.43360,2368.52160
49407,3537.84960,4597.83360,2376.68160
49663,3559.71840,4614.15360,2388.92160
49919,3570.81600,4627.86240,2397.08160
50175,3592.68480,4648.26240,2409.32160
50431,3610.47360,4664.58240,2417.48160
50687,3632.34240,4684.98240,2429.72160
50943,3650.13120,4701.30240,2437.88160
51199,3667.92000,4721.70240,2450.12160
51455,3687.17760,4735.41120,2458.28160
51711,3700.88640,4751.73120,2463.83040
51967,3722.75520,4772.13120,2471.99040
52223,3740.54400,4792.53120,2484.23040
52479,3762.41280,4808.85120,2492.39040
52735,3780.20160,4829.25120,2504.63040
52991,3802.07040,4838.88000,2512.79040
53247,3813.16800,4859.28000,2525.03040
53503,3835.03680,4875.60000,2533.19040
53759,3852.82560,4896.00000,2545.43040
54015,3870.61440,4916.40000,2553.59040
54271,3892.48320,4932.72000,2565.83040
54527,3910.27200,4946.42880,2573.99040
54783,3925.44960,4966.82880,2586.23040
55039,3943.23840,4987.22880,2594.39040
55295,3961.02720,5003.54880,2606.63040
55551,3982.89600,5019.86880,2614.79040
55807,4000.68480,5040.26880,2622.95040
56063,4022.55360,5049.89760,2635.19040
56319,4033.65120,5070.29760,2643.35040
56575,4055.52000,5090.69760,2655.59040
56831,4073.30880,5107.01760,2663.75040
57087,4095.17760,5127.41760,2675.99040
57343,4112.96640,5143.73760,2684.15040
57599,4134.83520,5157.44640,2696.39040
57855,4145.93280,5173.76640,2704.55040
58111,4163.72160,5190.08640,2712.71040
58367,4181.51040,5210.48640,2724.95040
58623,4203.37920,5226.80640,2733.11040
58879,4221.16800,5243.12640,2741.27040
59135,4243.03680,5263.52640,2753.51040
59391,4260.82560,5273.15520,2761.67040
59647,4271.92320,5289.47520,2767.21920
59903,4293.79200,5309.87520,2775.37920
60159,4311.58080,5326.19520,2783.53920
60415,4329.36960,5346.59520,2795.77920
60671,4351.23840,5362.91520,2803.93920
60927,4369.02720,5372.54400,2812.09920
61183,4384.20480,5392.94400,2824.33920
61439,4401.99360,5409.26400,2832.49920
61695,4419.78240,5425.58400,2783.53920
61951,4441.65120,5445.98400,2852.89920
62207,4459.44000,5462.30400,2861.05920
62463,4477.22880,5478.62400,2873.29920
62719,4495.01760,5492.33280,2881.45920
62975,4510.19520,5508.65280,2889.61920
63231,4527.98400,5524.97280,2901.85920
63487,4549.85280,5545.37280,2910.01920
63743,4567.64160,5561.69280,2918.17920
63999,4585.43040,5578.01280,2930.41920
64255,4607.29920,5591.72160,2938.57920
64511,4625.08800,5608.04160,2950.81920
64767,4636.18560,5624.36160,2958.97920
65023,4658.05440,5644.76160,2967.13920
65279,4675.84320,5661.08160,2979.37920
65535,4693.63200,5677.40160,2987.53920
